int DAC=26;
int ADC=13;
float x;
static byte SineTable[255]={128,129,130,131,132,133,134,135,136,137,138,139,140,141,142,143,144,145,146,147,148,149,150,151,152,153,154,155,156,157,158,159,160,161,162,163,164,165,166,167,168,169,170,171,172,173,174,175,176,177,178,179,180,181,182,183,184,185,186,187,188,189,190,191,192,193,194,195,196,197,198,199,200,201,202,203,204,205,206,207,208,209,210,211,212,213,214,215,216,217,218,219,220,221,222,223,224,225,226,227,228,229,230,231,232,233,234,235,236,237,238,239,240,241,242,243,244,245,246,247,248,249,250,251,252,253,254,253,252,251,250,249,248,247,246,245,244,243,242,241,240,239,238,237,236,235,234,233,232,231,230,229,228,227,226,225,224,223,222,221,220,219,218,217,216,215,214,213,212,211,210,209,208,207,206,205,204,203,201,200,199,198,197,196,195,194,193,192,191,190,189,188,187,186,185};
//static byte Sine1[128];
//static byte Sine2[128];
//static byte Sine3[128];
//int i1=254;
//int i2=128;
int acc=0;
void setup()
{
  Serial.begin(115200);
  pinMode(13 , INPUT);
  analogSetAttenuation(ADC_11db);
  analogReadResolution(12);
 
}
void loop()
{

  dacWrite(DAC , SineTable[acc]);
  delay(250);
  x=analogRead(13);
  Serial.print("The Voltage is : ");
  Serial.println((x*3.3)/4096);
  acc=acc+1;
  if (acc=255)
  acc=0;
}